 9.132218629814345e-01
 4.706457997655471e-01
 9.597185678550404e-01
 3.028868613642972e-01
 9.309884768931534e-01
 9.586016288184421e-02
 9.373125491065841e-01
 1.245778745951014e-03
 9.576623279303593e-01
 7.324141375949009e-02
 9.512021421322572e-01
 4.222277397025378e-01
 9.523200844204709e-01
 7.576887721970507e-01
 8.924790859399981e-01
 2.568777085177293e-01
 9.328733676619309e-01
 4.344496851915639e-03
 7.673736279700297e-01
 7.818150980231485e-05
 9.559371878568854e-01
 7.486784761475809e-05
 9.450783552416540e-01
 1.200667457882395e-05
 9.582587443865939e-01
 6.938348268757765e-01
 8.162850715921572e-01
 1.992860223363436e-04
 8.577968391244298e-01
 6.134375036152698e-03
 9.435740851567900e-01
 1.419294634898894e-01
 9.249024785793837e-01
 6.222750125909549e-01
 8.936003861836004e-01
 5.606098372950262e-01
 9.435585388651117e-01
 8.871829665294151e-03
 9.197959106230232e-01
 7.679406355542049e-01
 9.302797242732158e-01
 2.262743434967877e-01
 9.074136029546493e-01
 3.523268448835888e-01
 9.524667593197033e-01
 5.555764018809048e-03
 9.503496480726065e-01
 5.901844529410363e-02
 9.396794097881878e-01
 1.783083752834345e-01
 4.550342945628939e-01
 1.177568169041616e-03
 9.904706067262876e-01
 3.668783195206841e-02
 9.461999065247250e-01
 1.668709545077236e-02
 9.538902537476336e-01
 3.976490136991083e-03
 9.300822072434975e-01
 4.363249404335361e-02
 9.375606131479652e-01
 1.044436657533492e-01
 9.290492217242641e-01
 7.556945920945473e-01
 9.498643111336142e-01
 5.517389247327931e-01
 9.549989689138637e-01
 8.309904125189109e-03
 9.793972053360658e-01
 8.104308604693823e-01
 9.240832354512261e-01
 2.197199289997079e-04
 9.179935516742314e-01
 3.781551263297476e-01
 9.203747593152592e-01
 7.209644706652316e-02
 9.223905955881314e-01
 1.057188857875923e-02
 9.654064316359908e-01
 3.890169470819652e-02
 9.651927484725235e-01
 3.015879387432664e-01
 9.007936509790879e-01
 8.709835560238484e-01
 7.536345255161634e-01
 9.337689650978118e-01
 8.780283033914010e-01
 9.117694519787891e-01
 5.599051072904707e-01
 4.141453080539170e-01
 9.211191832292228e-01
 5.873515668076613e-02
 7.271990192300345e-01
 1.673601457548366e-01
 5.912825092409590e-01
 6.769270921893380e-01
 9.557362179279101e-01
 9.774082617205303e-01
 2.475384383700363e-01
 8.364817072234103e-01
 3.880210722599368e-01
 9.467072812650760e-01
 2.487803732869488e-04
 9.128476743616495e-01
 6.138670573313740e-02
 8.965285625049378e-01
 4.027136240875720e-02
 8.918170415805943e-01
 3.681434193945199e-02
 8.528448748220159e-01
 2.553692243179094e-01
 9.570798578061476e-01
 1.617414064673228e-01
 9.856110656468013e-01
 4.283365826651566e-01
 4.324529596308203e-01
 8.636921289603156e-01
 9.038640668302423e-01
 2.798684465313973e-02
 9.452023872563172e-01
 1.899089868099245e-01
 8.424011575133118e-01
 7.479012919877950e-02
 5.262797129591613e-01
 3.728772653381757e-01
 9.373480227487384e-01
 9.465731824772888e-01
 9.425410314526992e-01
 4.145198715264253e-02
 9.354749979682778e-01
 3.697054442704235e-01
 6.073479616563151e-01
 6.192665946114717e-01
 6.952275472757533e-01
 1.159485621603521e-01
 9.761978725922401e-01
 9.456847384212390e-03
 3.980368422076956e-01
 5.565774347553114e-02
 8.219389605969216e-01
 1.905854711041074e-02
 9.259096736717781e-01
 8.429369940296831e-01
 3.129501183377316e-01
 7.604118801994113e-01
 5.560010003199892e-01
 6.533703873280070e-02
 9.322180756887460e-01
 8.664163197706911e-01
 9.299450958321532e-01
 2.292405731442274e-01
 7.736644349146219e-01
 1.646144596765593e-01
 9.765295382482047e-01
 1.772462060782421e-01
 8.325983739745172e-01
 1.473841980297275e-01
 7.202779387093391e-01
 2.025242439396271e-01
 9.491478854265990e-01
 1.685881814058673e-01
 8.590144534441911e-01
 3.656311113728049e-01
 9.507280256117258e-01
 5.434713957735737e-01
 9.677968460394866e-01
 7.467786625570885e-03
 8.062194090437281e-01
 2.487803732869488e-04
 9.221447165661620e-01
 2.652817050600403e-04
 9.202763072591744e-01
 2.149270811884227e-04
 9.741014250261159e-01
 7.191728920823840e-01
 9.412525392050640e-01
 2.688517704110645e-02
 9.106905137633221e-01
 1.517403345086230e-01
 9.563041328527349e-01
 2.017360334240523e-02
 9.096557887541253e-01
 6.301350242190166e-05
 9.051590177166863e-01
 9.063794989314465e-04
 9.441654659426489e-01
 1.006990771092776e-01
 9.959040536057584e-01
 2.456578812551504e-06
 7.975723198521377e-01
 9.938799318547764e-05
 5.063515752787505e-01
 1.181611092256760e-01
 9.291611703443287e-01
 8.962416827858175e-03
 8.300492888389891e-01
 6.098837746528667e-01
 8.962014235747015e-01
 1.966307732855902e-01
 8.764427766498857e-01
 3.411598010606878e-04
 9.311906488995444e-01
 3.721688603630792e-01
 8.971995018163517e-01
 7.621664297649711e-02
 8.971655361227653e-01
 6.690133678888317e-02
 7.363052938632103e-01
 3.051414902283416e-01
 9.827123347005129e-01
 1.943760061516721e-05
 6.708539761198616e-01
 4.186993414417281e-02
 9.825545716743392e-01
 2.645152798075138e-02
 9.556745835271925e-01
 1.713358544002518e-01
 9.076722925760671e-01
 8.020823200397828e-04
 9.282399726784835e-01
 6.048853385787650e-04
 8.547145299656883e-01
 8.542707887360538e-03
 9.217101213999295e-01
 2.300222813067238e-03
 9.176811332801535e-01
 1.506189383640168e-02
 9.637863751364160e-01
 3.254726883441634e-01
 9.020775734114137e-01
 2.487803732869488e-04
 9.289143561933431e-01
 5.452132302555618e-06
 7.652849731895083e-01
 7.941510142658237e-01
 8.648197354921184e-01
 5.332248710911056e-01
 7.348202669474245e-01
 1.498306140255779e-01
 7.937585340709638e-01
 1.808749374419129e-02
 9.204891073530008e-01
 5.068902010096915e-01
 9.182585558883746e-01
 5.496584836460010e-01
 8.842788368511492e-01
 5.293930973992168e-02
 6.240189011986514e-01
 2.487803732869488e-04
 9.758521721251625e-01
 3.859746602145216e-02
 9.628182105403562e-01
 7.505645809171001e-02
 9.577377402904373e-01
 7.845819908125741e-01
 9.448156036795337e-01
 7.266387430043498e-01
 8.320039567157194e-01
 8.129746016602240e-01
 8.695584313444585e-01
 5.984687671418435e-01
 8.615633709064202e-01
 9.486585945992942e-01
 9.451540399886715e-01
 9.510728444124485e-01
 9.438703679730732e-01
 9.077383958267490e-01
 8.706657307166689e-01
 8.915822299971721e-01
 8.717494635815707e-01
 9.336784750879427e-01
 5.714267986919703e-01
 8.499939644191299e-01
 6.521531261629241e-01
 7.442993623225644e-01
 8.216957863933638e-01
 7.065058306700890e-01
 5.035366693026939e-01
 9.377148923943582e-01
 9.573323101207993e-01
 9.794024249222585e-01
 9.753085775102357e-01
 9.789673183862750e-01
 9.466222257139953e-01
 4.568876153611652e-01
 8.111511973086346e-01
 8.355911816996502e-01
 8.977254440829682e-01
 9.480265393776303e-01
 9.019894878835014e-01
 5.031480515494567e-01
 7.750584862944451e-01
 8.995048992194882e-01
 8.916285133237892e-01
 8.184307145852988e-01
 6.928016616979238e-01
 9.726975337162205e-01
 9.841676988058066e-01
 9.778765670081038e-01
 9.583497936366208e-01
 9.814892712248868e-01
 9.503054276684320e-01
 9.344717371486282e-01
 9.223204384301413e-01
 9.003252565757900e-01
 6.619565187606793e-01
 7.175031685036711e-01
 9.658850269854025e-01
 9.749268173844314e-01
 9.691507823455526e-01
 9.809375052932922e-01
 9.744082049035877e-01
 9.486118957040744e-01
 9.002705277594665e-01
 9.425568964049007e-01
 9.658645650363227e-01
 9.644358914437042e-01
 8.501091452141476e-01
 8.553863885522668e-01
 8.988762471095586e-01
 9.395543387436485e-01
 9.049452677442259e-01
 9.117681662835803e-01
 5.138132742557733e-01
 9.675020196776749e-01
 9.697583890617103e-01
 9.660028597597135e-01
 9.537395142931679e-01
 9.089748433673492e-01
 9.210801079602465e-01
 8.894158939084493e-01
 8.671062196208690e-01
 9.024352849606548e-01
 9.329148040416658e-01
 9.387774213780240e-01
 9.319804913518815e-01
 9.687208473835208e-01
 9.648175679054267e-01
 8.097358863824478e-01
 8.981043926086546e-01
 4.719573435555482e-01
 9.313718057577116e-01
 8.642413676749645e-01
 6.708205435749306e-01
 8.728788664175280e-01
 9.049046681925011e-01
 8.694402622149402e-01
 9.147988018739863e-01
 9.139422260512807e-01
 9.222738969440686e-01
 8.930639320064383e-01
